100000000.0 -5.5508770719295034e-288
530434782.6086956 5.5421759052732465e-108
960869565.2173913 1.4270482566120786e-84
1391304347.826087 8.683839214878286e-75
1821739130.4347825 3.148824945237631e-69
2252173913.043478 1.329709553677279e-65
2682608695.652174 5.507281164818124e-63
3113043478.2608695 5.380734870121913e-61
3543478260.869565 1.9223710090737412e-59
3973913043.4782605 3.425682683929358e-58
4404347826.086956 3.802059595701516e-57
4834782608.695652 3.0246002016921285e-56
5265217391.304348 1.8619838000553756e-55
5695652173.913043 9.241507826713133e-55
6126086956.521739 3.801906295519121e-54
6556521739.130434 1.328060074064507e-53
6986956521.73913 4.0288220741873936e-53
7417391304.347826 1.0836843121976853e-52
7847826086.956521 2.633387062276144e-52
8278260869.565217 5.8778524115161715e-52
8708695652.173912 1.2227564527724743e-51
9139130434.782608 2.4008348173941394e-51
9569565217.391304 4.497175502490999e-51
10000000000.0 8.10755251729448e-51
