9.04500978473581 5.9668185182917805e-40
9.155666251556662 1.2541338082205378e-38
9.266322718377511 1.7532836899807355e-37
9.376979185198362 1.7738763655313513e-36
9.487635652019213 1.3814301928079173e-35
9.598292118840062 8.672645747423845e-35
9.708948585660913 4.547779359657861e-34
9.819605052481764 2.0479691984525967e-33
9.930261519302615 8.096685196761623e-33
10.040917986123464 2.8607733239327305e-32
10.151574452944315 9.165818660128428e-32
10.262230919765166 2.695217394541078e-31
10.372887386586015 7.347034259692959e-31
10.483543853406866 1.8724080240113806e-30
10.594200320227717 4.493457002839117e-30
10.704856787048566 1.0217013750396465e-29
10.815513253869417 2.212752489517384e-29
10.926169720690268 4.58567624645373e-29
11.036826187511117 9.130119977497985e-29
11.147482654331968 1.7525818316020957e-28
11.25813912115282 3.2535192723949295e-28
11.368795587973668 5.857220809402934e-28
11.47945205479452 1.0250626262083317e-27
11.59010852161537 1.747725653861178e-27
11.70076498843622 2.908740965478579e-27
11.81142145525707 4.733745798418906e-27
11.922077922077921 7.544966166024262e-27
12.03273438889877 1.1794538961945925e-26
12.143390855719622 1.8106608562227526e-26
12.254047322540472 2.732976962581031e-26
12.364703789361322 4.060155571574233e-26
12.475360256182173 5.942678804459415e-26
12.586016723003024 8.577169722283772e-26
12.696673189823874 1.2217581089804112e-25
12.807329656644725 1.7188365961521038e-25
12.917986123465575 2.3899839059699895e-25
13.028642590286426 3.2865939343563997e-25
13.139299057107277 4.472460324070163e-25
13.249955523928126 6.026095472443858e-25
13.360611990748977 8.043351281779264e-25
13.471268457569828 1.0640360926981215e-24
13.581924924390677 1.3956819920375196e-24
13.692581391211528 1.815962356294251e-24
13.803237858032379 2.344687650201722e-24
13.913894324853228 3.0052288587383423e-24
14.024550791674079 3.824996955166059e-24
14.13520725849493 4.835963325878116e-24
14.245863725315779 6.0752220388574326e-24
14.35652019213663 7.585594647832474e-24
14.46717665895748 9.416278024566287e-24
14.57783312577833 1.1623535509254982e-23
14.688489592599181 1.4271431465776522e-23
14.799146059420032 1.743260912643062e-23
14.909802526240881 2.1189111411624114e-23
15.020458993061732 2.5633244215303391e-23
15.131115459882583 3.0868481458286875e-23
15.241771926703432 3.701041103030391e-23
15.352428393524283 4.418772056864256e-23
15.463084860345134 5.254322185780401e-23
15.573741327165983 6.223491248128057e-23
15.684397793986834 7.343707321416846e-23
15.795054260807685 8.634139951426379e-23
15.905710727628534 1.0115816534999002e-22
16.016367194449387 1.1811741749616258e-22
16.127023661270236 1.3747019833328917e-22
16.237680128091085 1.59489795102938e-22
16.348336594911938 1.8447301350042745e-22
16.458993061732787 2.127414734266491e-22
16.56964952855364 2.4464292467290286e-22
16.68030599537449 2.8055258027578384e-22
16.79096246219534 3.208744652532381e-22
16.901618929016188 3.660427784171411e-22
17.01227539583704 4.165232649519704e-22
17.12293186265789 4.72814597457083e-22
17.233588329478742 5.354497631322354e-22
17.34424479629959 6.04997454893816e-22
17.45490126312044 6.820634643321015e-22
17.56555772994129 7.67292072995917e-22
17.676214196762142 8.613674430896449e-22
17.78687066358299 9.650150012502804e-22
17.897527130403844 1.0790028163889812e-21
18.008183597224694 1.2041429684053992e-21
18.118840064045543 1.341292906016713e-21
18.229496530866392 1.4913567965411294e-21
18.340152997687245 1.6552868383509742e-21
18.450809464508094 1.8340846008766817e-21
18.561465931328947 2.0288023042584007e-21
18.672122398149796 2.240544099884679e-21
18.782778864970645 2.470467325870636e-21
18.893435331791494 2.7197837400009094e-21
19.004091798612347 2.9897607287805053e-21
19.1147482654332 3.281722491316105e-21
19.22540473225405 3.597051196830184e-21
19.336061199074898 3.9371881146892415e-21
19.446717665895747 4.3036347667685616e-21
19.557374132716596 4.69795380266327e-21
19.66803059953745 5.121770327017736e-21
19.7786870663583 5.576772725529642e-21
19.88934353317915 6.0647136881959306e-21
20.0 6.587411155285827e-21
