0.01687023415885013 -2.3042671334374082e-287
0.08948558988607458 3.2457551328698876e-107
0.16210094561329902 9.668355913240499e-84
0.2347163013405235 6.314349406368395e-74
0.30733165706774795 2.3910520171573298e-68
0.37994701279497234 1.0398946151172878e-64
0.45256236852219683 4.4260142892633186e-62
0.5251777242494213 4.399636356659629e-60
0.5977930799766458 1.5887002383945307e-58
0.6704084357038701 2.8583591650658843e-57
0.7430237914310945 3.2073193308965993e-56
0.8156391471583192 2.5812507475477713e-55
0.8882545028855438 1.6056771897641797e-54
0.960869858612768 8.034708102336544e-54
1.0334852143399926 3.325126013732485e-53
1.1061005700672168 1.1664300065461568e-52
1.1787159257944415 3.5493553145147046e-52
1.251331281521666 9.569732662629847e-52
1.3239466372488902 2.330160050815555e-51
1.3965619929761146 5.211107351516916e-51
1.469177348703339 1.0862957542479701e-50
1.5417927044305637 2.1379030681510175e-50
1.6144080601577881 4.01550371614315e-50
1.6870234158850126 7.261498322381367e-50
