100000000.0 1.4792370171317005e-292
530434782.6086956 3.686733152112835e-104
960869565.2173913 1.1444961238943924e-81
1391304347.826087 2.3950715996657245e-72
1821739130.4347825 4.2566703861230694e-67
2252173913.043478 1.1298395939642176e-63
2682608695.652174 3.0661774515995378e-61
3113043478.2608695 2.149418132310248e-59
3543478260.869565 6.1293766073277144e-58
3973913043.4782605 9.162015505739847e-57
4404347826.086956 8.534902138279786e-56
4834782608.695652 5.621056893016302e-55
5265217391.304348 2.861984157840472e-54
5695652173.913043 1.1960414011608184e-53
6126086956.521739 4.263624406200355e-53
6556521739.130434 1.3295837471865265e-52
6986956521.73913 3.693028007455353e-52
7417391304.347826 9.268863250784923e-52
7847826086.956521 2.128304802719496e-51
8278260869.565217 4.520732797541592e-51
8708695652.173912 8.971604178688901e-51
9139130434.782608 1.6783778400876763e-50
9569565217.391304 2.9834544852680696e-50
10000000000.0 5.074746548018186e-50
