100000000.0 -1.623898806825001e-199
530434782.6086956 1.825310847889821e-89
960869565.2173913 1.5513275533174093e-73
1391304347.826087 1.0841955534009489e-66
1821739130.4347825 9.866204910013855e-63
2252173913.043478 4.1270596975390196e-60
2682608695.652174 3.244502144168712e-58
3113043478.2608695 9.415535142858153e-57
3543478260.869565 1.3683177215863851e-55
3973913043.4782605 1.1976855202897209e-54
4404347826.086956 7.263551068777015e-54
4834782608.695652 3.387771746849548e-53
5265217391.304348 1.3039231779234451e-52
5695652173.913043 4.3226107725784925e-52
6126086956.521739 1.2651346947726376e-51
6556521739.130434 3.3205995129008727e-51
6986956521.73913 7.91103248444939e-51
7417391304.347826 1.7294552442949534e-50
7847826086.956521 3.505185366625634e-50
8278260869.565217 6.650392457916213e-50
8708695652.173912 1.1918452597188025e-49
9139130434.782608 2.0341654649772747e-49
9569565217.391304 3.330746508083513e-49
10000000000.0 5.266357426859209e-49
