100000000.0 -2.8189327988123494e-253
530434782.6086956 4.7625787478366786e-102
960869565.2173913 2.833020324178825e-81
1391304347.826087 1.8164292423058038e-72
1821739130.4347825 2.0292978821217303e-67
2252173913.043478 4.1754844292675094e-64
2682608695.652174 1.0948482336410715e-61
3113043478.2608695 7.529387624777132e-60
3543478260.869565 2.0310329577644567e-58
3973913043.4782605 2.912870678580698e-57
4404347826.086956 2.7461074651298654e-56
4834782608.695652 1.9269796853278523e-55
5265217391.304348 1.0694855716784807e-54
5695652173.913043 4.844507675208121e-54
6126086956.521739 1.8342568488011231e-53
6556521739.130434 5.939631314726163e-53
6986956521.73913 1.6817042614655076e-52
7417391304.347826 4.249186382508632e-52
7847826086.956521 9.75868234719948e-52
8278260869.565217 2.0703483313987232e-51
8708695652.173912 4.1154889090991703e-51
9139130434.782608 7.759638218813514e-51
9569565217.391304 1.4021008962587807e-50
10000000000.0 2.4482319544201995e-50
