100000000.0 -5.715159335194051e-282
530434782.6086956 1.157095969788591e-104
960869565.2173913 3.5851318111232536e-82
1391304347.826087 7.988764633348843e-73
1821739130.4347825 1.5321060496445536e-67
2252173913.043478 4.331267081987647e-64
2682608695.652174 1.2603722579193578e-61
3113043478.2608695 9.47429195026688e-60
3543478260.869565 2.8513045399109193e-58
3973913043.4782605 4.4479420533354796e-57
4404347826.086956 4.326014752747307e-56
4834782608.695652 2.995728716888985e-55
5265217391.304348 1.6137269653776154e-54
5695652173.913043 7.139119667750818e-54
6126086956.521739 2.680575273145496e-53
6556521739.130434 8.73447506687292e-53
6986956521.73913 2.514000495681498e-52
7417391304.347826 6.492571172459441e-52
7847826086.956521 1.5261556587467798e-51
8278260869.565217 3.3080189296462454e-51
8708695652.173912 6.69001983602888e-51
9139130434.782608 1.2756495927271896e-50
9569565217.391304 2.3146991942939597e-50
10000000000.0 4.0290152666223636e-50
