100000000.0 -7.558763365876978e-234
530434782.6086956 4.1556609728746255e-99
960869565.2173913 3.5071235783744975e-80
1391304347.826087 4.0742726111946195e-72
1821739130.4347825 1.8084757416084884e-67
2252173913.043478 2.0401377479410323e-64
2682608695.652174 3.434267843329783e-62
3113043478.2608695 1.7397430752304072e-60
3543478260.869565 3.756822649613733e-59
3973913043.4782605 4.479927474999159e-58
4404347826.086956 3.5700980980553955e-57
4834782608.695652 2.149725468997064e-56
5265217391.304348 1.045685247651656e-55
5695652173.913043 4.250622213114763e-55
6126086956.521739 1.4749388702740996e-54
6556521739.130434 4.4497630374302664e-54
6986956521.73913 1.1880864863011413e-53
7417391304.347826 2.8553004430387966e-53
7847826086.956521 6.273665607491839e-53
8278260869.565217 1.2780904472267927e-52
8708695652.173912 2.444536789541229e-52
9139130434.782608 4.437979361711332e-52
9569565217.391304 7.720246642001088e-52
10000000000.0 1.2971152862264535e-51
