100000000.0 -6.531543555676423e-261
530434782.6086956 8.803068421631314e-104
960869565.2173913 1.8674557148161327e-82
1391304347.826087 1.9266974978551734e-73
1821739130.4347825 2.7710395956804414e-68
2252173913.043478 6.651685162163745e-65
2682608695.652174 1.9287764913863276e-62
3113043478.2608695 1.4324304987361456e-60
3543478260.869565 4.105453124085698e-59
3973913043.4782605 6.172230250667041e-58
4404347826.086956 6.035057362642813e-57
4834782608.695652 4.35953658256932e-56
5265217391.304348 2.4790018307005557e-55
5695652173.913043 1.1469134278590872e-54
6126086956.521739 4.4247826857103605e-54
6556521739.130434 1.45706363186446e-53
6986956521.73913 4.187947071864227e-53
7417391304.347826 1.0725696096548616e-52
7847826086.956521 2.4934170874582885e-52
8278260869.565217 5.348333330765859e-52
8708695652.173912 1.0737859541777258e-51
9139130434.782608 2.0429777177199386e-51
9569565217.391304 3.722028038555343e-51
10000000000.0 6.548250048098679e-51
