100000000.0 -6.640687289032082e-151
530434782.6086956 6.670907355293886e-81
960869565.2173913 1.2272780727155257e-68
1391304347.826087 3.279609979880414e-63
1821739130.4347825 5.280746918470253e-60
2252173913.043478 7.335970808269186e-58
2682608695.652174 2.6951414689810097e-56
3113043478.2608695 4.4874251093842335e-55
3543478260.869565 4.258126182177235e-54
3973913043.4782605 2.6534474402589625e-53
4404347826.086956 1.216442843130764e-52
4834782608.695652 4.477513293152644e-52
5265217391.304348 1.4056357801591522e-51
5695652173.913043 3.905487873249938e-51
6126086956.521739 9.806965497852006e-51
6556521739.130434 2.2533712981903074e-50
6986956521.73913 4.780489978156948e-50
7417391304.347826 9.439049169131997e-50
7847826086.956521 1.748094974108134e-49
8278260869.565217 3.0595075235281088e-49
8708695652.173912 5.09681044635829e-49
9139130434.782608 8.13583884582337e-49
9569565217.391304 1.2520169936228834e-48
10000000000.0 1.8676736262878313e-48
