100000000.0 -8.142846469426804e-203
530434782.6086956 7.804970432352023e-91
960869565.2173913 1.3079216634301116e-74
1391304347.826087 1.2194461080264091e-67
1821739130.4347825 1.3181119623325117e-63
2252173913.043478 6.123686371537422e-61
2682608695.652174 5.232435287119496e-59
3113043478.2608695 1.620814007052869e-57
3543478260.869565 2.466197612800896e-56
3973913043.4782605 2.233330155051748e-55
4404347826.086956 1.394564072448003e-54
4834782608.695652 6.688673725194266e-54
5265217391.304348 2.64488088807239e-53
5695652173.913043 8.988064454526203e-53
6126086956.521739 2.6875669901598068e-52
6556521739.130434 7.180207446796506e-52
6986956521.73913 1.7353920450905253e-51
7417391304.347826 3.838321343477303e-51
7847826086.956521 7.85464902585438e-51
8278260869.565217 1.502529190812642e-50
8708695652.173912 2.712358648967584e-50
9139130434.782608 4.660477927928284e-50
9569565217.391304 7.680751518905196e-50
10000000000.0 1.2223393081750337e-49
