100000000.0 -4.288273686922835e-235
530434782.6086956 3.175697876650681e-97
960869565.2173913 3.2531798961628933e-78
1391304347.826087 3.827695907976311e-70
1821739130.4347825 1.6615845571970961e-65
2252173913.043478 1.8433907317588747e-62
2682608695.652174 2.964730417951796e-60
3113043478.2608695 1.46269318787123e-58
3543478260.869565 3.1358856111941796e-57
3973913043.4782605 3.715688232951678e-56
4404347826.086956 2.915206971418131e-55
4834782608.695652 1.7137789800538663e-54
5265217391.304348 8.126285548632546e-54
5695652173.913043 3.234049915096957e-53
6126086956.521739 1.1056837396243975e-52
6556521739.130434 3.3054231386849483e-52
6986956521.73913 8.78128102341696e-52
7417391304.347826 2.1051978324297863e-51
7847826086.956521 4.6201533241590716e-51
8278260869.565217 9.404360991579969e-51
8708695652.173912 1.7964376868494144e-50
9139130434.782608 3.254048100822503e-50
9569565217.391304 5.640380008484234e-50
10000000000.0 9.428316495524178e-50
