100000000.0 -2.3341232474994136e-176
530434782.6086956 7.252149372225901e-85
960869565.2173913 5.45815130359689e-71
1391304347.826087 5.747502162284674e-65
1821739130.4347825 1.8195879163050723e-61
2252173913.043478 3.9364151747853445e-59
2682608695.652174 1.9224150600881884e-57
3113043478.2608695 3.876226715692734e-56
3543478260.869565 4.2878920896397585e-55
3973913043.4782605 3.044005192792622e-54
4404347826.086956 1.5541989526078453e-53
4834782608.695652 6.231633675789064e-53
5265217391.304348 2.0912575222299628e-52
5695652173.913043 6.1270451365865776e-52
6126086956.521739 1.6084496604779136e-51
6556521739.130434 3.844179457809994e-51
6986956521.73913 8.45645122412367e-51
7417391304.347826 1.7274235928824796e-50
7847826086.956521 3.303039026108582e-50
8278260869.565217 5.956818585566776e-50
8708695652.173912 1.0204643439039273e-49
9139130434.782608 1.6716659792667123e-49
9569565217.391304 2.6346158326894753e-49
10000000000.0 4.016931130005386e-49
