100000000.0 -4.862518240663372e-241
530434782.6086956 1.3413478449188825e-98
960869565.2173913 5.201167220161263e-79
1391304347.826087 1.05659381566988e-70
1821739130.4347825 6.242246725189411e-66
2252173913.043478 8.410761659293565e-63
2682608695.652174 1.5749914580218113e-60
3113043478.2608695 8.659998852893111e-59
3543478260.869565 2.0025561027750304e-57
3973913043.4782605 2.5201064816585165e-56
4404347826.086956 2.0893530736592834e-55
4834782608.695652 1.294666800460154e-54
5265217391.304348 6.440079125253783e-54
5695652173.913043 2.669468176118865e-53
6126086956.521739 9.433356636433316e-53
6556521739.130434 2.895633010489831e-52
6986956521.73913 7.858382730826274e-52
7417391304.347826 1.917432596851071e-51
7847826086.956521 4.27203426513043e-51
8278260869.565217 8.813722299649403e-51
8708695652.173912 1.704946306039443e-50
9139130434.782608 3.1264558659366523e-50
9569565217.391304 5.486616462156698e-50
10000000000.0 9.288453993846418e-50
