100000000.0 -3.3985733585764034e-180
530434782.6086956 6.115417301887255e-88
960869565.2173913 9.860113134161582e-74
1391304347.826087 1.4809904372098363e-67
1821739130.4347825 5.909744260705458e-64
2252173913.043478 1.4696771644253532e-61
2682608695.652174 8.038673177060929e-60
3113043478.2608695 1.786088357780443e-58
3543478260.869565 2.1184430183470643e-57
3973913043.4782605 1.5793704309580658e-56
4404347826.086956 8.392648508489425e-56
4834782608.695652 3.497076169656338e-55
5265217391.304348 1.2203043423527952e-54
5695652173.913043 3.713922919704673e-54
6126086956.521739 1.0092482910085825e-53
6556521739.130434 2.4843351185817374e-53
6986956521.73913 5.598803228532523e-53
7417391304.347826 1.1661202426960614e-52
7847826086.956521 2.26485725530238e-52
8278260869.565217 4.137097625303561e-52
8708695652.173912 7.164542780660196e-52
9139130434.782608 1.1850224099347168e-51
9569565217.391304 1.884595402344497e-51
10000000000.0 2.899065092095406e-51
