100000000.0 -3.017452898136875e-271
530434782.6086956 7.5185358940287215e-109
960869565.2173913 4.379569806173008e-87
1391304347.826087 6.465618773684926e-78
1821739130.4347825 1.1191143264442925e-72
2252173913.043478 2.99153110561976e-69
2682608695.652174 9.221167568515029e-67
3113043478.2608695 7.213876210764438e-65
3543478260.869565 2.1611219174310285e-63
3973913043.4782605 3.355782094920704e-62
4404347826.086956 3.3490303647570125e-61
4834782608.695652 2.450614955273038e-60
5265217391.304348 1.4078383577941098e-59
5695652173.913043 6.580100212192248e-59
6126086956.521739 2.5658461072685006e-58
6556521739.130434 8.541216568754605e-58
6986956521.73913 2.4809349080942784e-57
7417391304.347826 6.416996795549729e-57
7847826086.956521 1.5052519097144059e-56
8278260869.565217 3.2545165362848456e-56
8708695652.173912 6.578691010153807e-56
9139130434.782608 1.2586831203326797e-55
9569565217.391304 2.3032730525210033e-55
10000000000.0 4.065581883802401e-55
