100000000.0 -2.9122410895568875e-203
530434782.6086956 2.0960534942865205e-90
960869565.2173913 3.958536890344602e-74
1391304347.826087 3.834233201204032e-67
1821739130.4347825 4.2057083613017783e-63
2252173913.043478 1.9743470765425018e-60
2682608695.652174 1.693338450914579e-58
3113043478.2608695 5.253619428826332e-57
3543478260.869565 8.013544623692084e-56
3973913043.4782605 7.276260424046412e-55
4404347826.086956 4.551534311554145e-54
4834782608.695652 2.1840560371095047e-53
5265217391.304348 8.632122681158825e-53
5695652173.913043 2.931011271963465e-52
6126086956.521739 8.758188085756803e-52
6556521739.130434 2.339111851011348e-51
6986956521.73913 5.65364389866652e-51
7417391304.347826 1.2508614924036358e-50
7847826086.956521 2.560975512770016e-50
8278260869.565217 4.901666959542728e-50
8708695652.173912 8.853342137805479e-50
9139130434.782608 1.521948823279626e-49
9569565217.391304 2.509187747998366e-49
10000000000.0 3.9940934822608185e-49
