100000000.0 -5.782829074218729e-155
530434782.6086956 1.3629868656907963e-81
960869565.2173913 5.864528101256569e-69
1391304347.826087 2.2141061258971463e-63
1821739130.4347825 4.344033729877096e-60
2252173913.043478 6.815402565773269e-58
2682608695.652174 2.747016157564519e-56
3113043478.2608695 4.9103671840392164e-55
3543478260.869565 4.9059230426105965e-54
3973913043.4782605 3.178814793536614e-53
4404347826.086956 1.5056440057332279e-52
4834782608.695652 5.70880301166532e-52
5265217391.304348 1.8424184973863984e-51
5695652173.913043 5.2499158505773506e-51
6126086956.521739 1.3478851232693885e-50
6556521739.130434 3.156279318044959e-50
6986956521.73913 6.80333203846059e-50
7417391304.347826 1.3613512323089892e-49
7847826086.956521 2.549848241527016e-49
8278260869.565217 4.506448791589623e-49
8708695652.173912 7.572197864586603e-49
9139130434.782608 1.2182103254475586e-48
9569565217.391304 1.8884375938222254e-48
10000000000.0 2.8368469886922474e-48
