100000000.0 -1.0104189056665648e-240
530434782.6086956 3.18899053209208e-100
960869565.2173913 1.4173829733532927e-81
1391304347.826087 1.0189385697742497e-73
1821739130.4347825 3.0759892672589796e-69
2252173913.043478 2.7374385826706374e-66
2682608695.652174 3.558653923742317e-64
3113043478.2608695 1.472729236366724e-62
3543478260.869565 2.820793862482905e-61
3973913043.4782605 3.0895285001753866e-60
4404347826.086956 2.2484221085456214e-59
4834782608.695652 1.2153585249998947e-58
5265217391.304348 5.274795573569095e-58
5695652173.913043 1.9326520011201595e-57
6126086956.521739 6.164262251065609e-57
6556521739.130434 1.7455108613168335e-56
6986956521.73913 4.452030143407501e-56
7417391304.347826 1.0353899185798367e-55
7847826086.956521 2.2202063735854652e-55
8278260869.565217 4.435017486389891e-55
8708695652.173912 8.33142791191075e-55
9139130434.782608 1.4845751284002932e-54
9569565217.391304 2.5287074835293096e-54
10000000000.0 4.145518857276679e-54
