100000000.0 -3.3976672778803403e-199
530434782.6086956 2.928254340743585e-89
960869565.2173913 2.1847286285518892e-73
1391304347.826087 1.435819695488903e-66
1821739130.4347825 1.2548611211374555e-62
2252173913.043478 5.123863725468786e-60
2682608695.652174 3.945991071979173e-58
3113043478.2608695 1.1256261126281838e-56
3543478260.869565 1.6166419052310506e-55
3973913043.4782605 1.4033668187130053e-54
4404347826.086956 8.450471873684527e-54
4834782608.695652 3.098703911379998e-53
5265217391.304348 1.494983534336107e-52
5695652173.913043 4.921128509120497e-52
6126086956.521739 1.4314132951624028e-51
6556521739.130434 3.737917282826554e-51
6986956521.73913 8.869273734905995e-51
7417391304.347826 1.9327873332952342e-50
7847826086.956521 3.9074179529049135e-50
8278260869.565217 7.398220353827354e-50
8708695652.173912 1.3235004775297915e-49
9139130434.782608 2.2551637075556757e-49
9569565217.391304 3.6866970799533104e-49
10000000000.0 5.819586043004367e-49
