100000000.0 -1.3872155385230602e-281
530434782.6086956 2.1645939975948226e-104
960869565.2173913 5.694504758976995e-82
1391304347.826087 1.170377658989477e-72
1821739130.4347825 2.1300578487192113e-67
2252173913.043478 5.8247534632565364e-64
2682608695.652174 1.6494892027361422e-61
3113043478.2608695 1.2121166000235652e-59
3543478260.869565 3.590006391720501e-58
3973913043.4782605 5.535995075239233e-57
4404347826.086956 5.329946273235268e-56
4834782608.695652 3.653198153686286e-55
5265217391.304348 1.9475603847041624e-54
5695652173.913043 8.532989082975758e-54
6126086956.521739 3.1774936746649914e-53
6556521739.130434 1.0284716888430377e-52
6986956521.73913 2.9447826204465095e-52
7417391304.347826 7.57419816102567e-52
7847826086.956521 1.7746294350547458e-51
8278260869.565217 3.836148191899417e-51
8708695652.173912 7.739224833957604e-51
9139130434.782608 1.4722584666575203e-50
9569565217.391304 2.665052827428807e-50
10000000000.0 4.6270145725099e-50
