100000000.0 -2.048309422788703e-192
530434782.6086956 8.185286134989197e-86
960869565.2173913 6.744535525426389e-71
1391304347.826087 1.6029883841817645e-64
1821739130.4347825 7.456630625143073e-61
2252173913.043478 2.038313581026145e-58
2682608695.652174 1.1581180423769168e-56
3113043478.2608695 2.55713881392299e-55
3543478260.869565 3.0265181547814293e-54
3973913043.4782605 2.2815423144423545e-53
4404347826.086956 1.2266569013402411e-52
4834782608.695652 5.118835337061477e-52
5265217391.304348 1.7663507521099722e-51
5695652173.913043 5.2712449824652486e-51
6126086956.521739 1.4016688265024664e-50
6556521739.130434 3.3858019859604673e-50
6986956521.73913 7.52654517576493e-50
7417391304.347826 1.5546796297424292e-49
7847826086.956521 3.0081225017186976e-49
8278260869.565217 5.491654252817184e-49
8708695652.173912 9.52300659650403e-49
9139130434.782608 1.5783815441320767e-48
9569565217.391304 2.5148405819427895e-48
10000000000.0 3.8720680077044e-48
