100000000.0 -1.0995657643246575e-240
530434782.6086956 2.220419075051128e-98
960869565.2173913 7.430117280956353e-79
1391304347.826087 1.4152135663827383e-70
1821739130.4347825 8.033726872116477e-66
2252173913.043478 1.0551477628741588e-62
2682608695.652174 1.9285371913175808e-60
3113043478.2608695 1.0431272483734638e-58
3543478260.869565 2.38814966992143e-57
3973913043.4782605 2.981083487323902e-56
4404347826.086956 2.4499715300599753e-55
4834782608.695652 1.503691597268744e-54
5265217391.304348 7.411858613109153e-54
5695652173.913043 3.0488813742070947e-53
6126086956.521739 1.0711121126692822e-52
6556521739.130434 3.2736820092311937e-52
6986956521.73913 8.856213113876901e-52
7417391304.347826 2.1557082051466208e-51
7847826086.956521 4.793571508859715e-51
8278260869.565217 9.872658283757061e-51
8708695652.173912 1.9065618502132196e-50
9139130434.782608 3.489895850173404e-50
9569565217.391304 6.112201896076777e-50
10000000000.0 1.0324307412836066e-49
