100000000.0 -2.469608799651474e-229
530434782.6086956 3.364982835602635e-96
960869565.2173913 8.709560792522677e-78
1391304347.826087 5.833755425327144e-70
1821739130.4347825 1.8380253773789865e-65
2252173913.043478 1.6703159505114287e-62
2682608695.652174 2.3007638736881246e-60
3113043478.2608695 1.0132305756502236e-58
3543478260.869565 2.0054299867926222e-57
3973913043.4782605 2.2328588832086e-56
4404347826.086956 1.6572751019847906e-55
4834782608.695652 9.243985546047179e-55
5265217391.304348 4.1759433752620033e-54
5695652173.913043 1.5934107620580185e-53
6126086956.521739 5.261047366901412e-53
6556521739.130434 1.5289893969156344e-52
6986956521.73913 3.9699919923020826e-52
7417391304.347826 9.339290076803187e-52
7847826086.956521 2.0169588465099207e-51
8278260869.565217 4.047726094024421e-51
8708695652.173912 7.631870542141803e-51
9139130434.782608 1.365276071032794e-50
9569565217.391304 2.337396536196011e-50
10000000000.0 3.8584137612190067e-50
