100000000.0 -6.948145071329367e-256
530434782.6086956 1.942356080477572e-101
960869565.2173913 9.562105426823105e-81
1391304347.826087 5.033144632792312e-72
1821739130.4347825 4.8690469600485404e-67
2252173913.043478 8.943154355100078e-64
2682608695.652174 2.044602408207998e-61
3113043478.2608695 1.3028081555080677e-59
3543478260.869565 3.388332374364502e-58
3973913043.4782605 4.6817301642650445e-57
4404347826.086956 4.176667224752927e-56
4834782608.695652 2.7421050998846678e-55
5265217391.304348 1.429991432195118e-54
5695652173.913043 6.171888556674251e-54
6126086956.521739 2.26035359737566e-53
6556521739.130434 7.164573485040401e-53
6986956521.73913 2.001562331358916e-52
7417391304.347826 5.013581686051325e-52
7847826086.956521 1.1438763971861689e-51
8278260869.565217 2.4113038433663685e-51
8708695652.173912 4.7564206135258603e-51
9139130434.782608 8.878000492963329e-51
9569565217.391304 1.5832767117831094e-50
10000000000.0 2.719911189635805e-50
