100000000.0 -1.189460420289055e-176
530434782.6086956 4.644501744870753e-85
960869565.2173913 3.955510701916667e-71
1391304347.826087 4.416231427049996e-65
1821739130.4347825 1.4521586296076857e-61
2252173913.043478 3.2157644593846507e-59
2682608695.652174 1.5995138519237647e-57
3113043478.2608695 3.2769685440423567e-56
3543478260.869565 3.668065770094082e-55
3973913043.4782605 2.62582036072329e-54
4404347826.086956 1.3496385357920274e-53
4834782608.695652 5.445321057622769e-53
5265217391.304348 1.8388935709624013e-52
5695652173.913043 5.42099245795055e-52
6126086956.521739 1.4312216854264293e-51
6556521739.130434 3.4375517840869435e-51
6986956521.73913 7.593073460587455e-51
7417391304.347826 1.5562405610894973e-50
7847826086.956521 2.983751569070482e-50
8278260869.565217 5.392904884676219e-50
8708695652.173912 9.255832721444346e-50
9139130434.782608 1.5187251133976912e-49
9569565217.391304 2.3972046960574113e-49
10000000000.0 3.66033390828432e-49
