100000000.0 -9.805778655161007e-193
530434782.6086956 4.748442353509453e-86
960869565.2173913 4.534253600933421e-71
1391304347.826087 1.1580841754560958e-64
1821739130.4347825 5.633966731215178e-61
2252173913.043478 1.5873433234711475e-58
2682608695.652174 9.218061065636019e-57
3113043478.2608695 2.073645004307193e-55
3543478260.869565 2.491364833368359e-54
3973913043.4782605 1.8993011653833967e-53
4404347826.086956 1.0300860744146128e-52
4834782608.695652 4.331312507494165e-52
5265217391.304348 1.5054874917478155e-51
5695652173.913043 4.52468887960547e-51
6126086956.521739 1.2112413810113764e-50
6556521739.130434 2.9435604069988354e-50
6986956521.73913 6.577776838656329e-50
7417391304.347826 1.3646916044137859e-49
7847826086.956521 2.650171366626374e-49
8278260869.565217 4.8528739276074495e-49
8708695652.173912 8.4368932742131e-49
9139130434.782608 1.401480757689809e-48
9569565217.391304 2.2374708748917222e-48
10000000000.0 3.4515089807730806e-48
