100000000.0 -4.69122063877005e-177
530434782.6086956 1.6619183530154598e-86
960869565.2173913 2.281036800503146e-72
1391304347.826087 3.2811727110703106e-66
1821739130.4347825 1.299488668637637e-62
2252173913.043478 3.203076670797967e-60
2682608695.652174 1.7556876099627023e-58
3113043478.2608695 3.9225180112736014e-57
3543478260.869565 4.658737234357655e-56
3973913043.4782605 3.469199505377622e-55
4404347826.086956 1.84264115476172e-54
4834782608.695652 7.691770702772893e-54
5265217391.304348 2.694298833427584e-53
5695652173.913043 8.237886589366979e-53
6126086956.521739 2.2481365692816873e-52
6556521739.130434 5.5518570002032946e-52
6986956521.73913 1.2538278746760307e-51
7417391304.347826 2.6144795972604046e-51
7847826086.956521 5.0802080309071424e-51
8278260869.565217 9.280017753787447e-51
8708695652.173912 1.6068135273206866e-50
9139130434.782608 2.6571619428335543e-50
9569565217.391304 4.225474488377417e-50
10000000000.0 6.500952452975257e-50
