100000000.0 -3.8210657420193834e-151
530434782.6086956 4.778498505598511e-81
960869565.2173913 9.670712535569984e-69
1391304347.826087 2.697758120939253e-63
1821739130.4347825 4.4714072410481964e-60
2252173913.043478 6.313517295865002e-58
2682608695.652174 2.3539879491398623e-56
3113043478.2608695 3.967691969258588e-55
3543478260.869565 3.795877736042476e-54
3973913043.4782605 2.378694187083545e-53
4404347826.086956 1.0956725378872552e-52
4834782608.695652 4.052377754967987e-52
5265217391.304348 1.278525558031903e-51
5695652173.913043 3.56958089138154e-51
6126086956.521739 9.002511800508435e-51
6556521739.130434 2.0760875864959972e-50
6986956521.73913 4.417346149267302e-50
7417391304.347826 8.7423445325437e-50
7847826086.956521 1.6220638096870855e-49
8278260869.565217 2.8431980450284056e-49
8708695652.173912 4.742479021495044e-49
9139130434.782608 7.57878724097403e-49
9569565217.391304 1.1675333177853402e-48
10000000000.0 1.7434826318959683e-48
