100000000.0 -3.2644536164816044e-155
530434782.6086956 9.711359406808154e-82
960869565.2173913 4.602891135837631e-69
1391304347.826087 1.815488761919322e-63
1821739130.4347825 3.66747418065713e-60
2252173913.043478 5.849594689053952e-58
2682608695.652174 2.3942481056415837e-56
3113043478.2608695 4.333231940638356e-55
3543478260.869565 4.3644469076775524e-54
3973913043.4782605 2.8437512234288457e-53
4404347826.086956 1.3535055497053557e-52
4834782608.695652 5.15783840147823e-52
5265217391.304348 1.6733381040869968e-51
5695652173.913043 4.792186207614373e-51
6126086956.521739 1.2358376694322766e-50
6556521739.130434 2.9045263563078115e-50
6986956521.73913 6.278940557633971e-50
7417391304.347826 1.25929323772706e-49
7847826086.956521 2.3629547931285475e-49
8278260869.565217 4.182280785323938e-49
8708695652.173912 7.03627813376718e-49
9139130434.782608 1.1332657702749303e-48
9569565217.391304 1.7586498532146994e-48
10000000000.0 2.64474232468005e-48
