100000000.0 -4.476551245472382e-238
530434782.6086956 1.3045600924451912e-100
960869565.2173913 1.794617160799771e-81
1391304347.826087 2.47565406097198e-73
1821739130.4347825 1.1968026166568328e-68
2252173913.043478 1.4221320915566866e-65
2682608695.652174 2.4589081850520965e-63
3113043478.2608695 1.2736908165174607e-61
3543478260.869565 2.8070875830730673e-60
3973913043.4782605 3.400439826417377e-59
4404347826.086956 2.7371814523272302e-58
4834782608.695652 1.6575780178604034e-57
5265217391.304348 8.092868157141543e-57
5695652173.913043 3.301193671571415e-56
6126086956.521739 1.1499986238294605e-55
6556521739.130434 3.484509439810434e-55
6986956521.73913 9.345612073297022e-55
7417391304.347826 2.255989273090426e-54
7847826086.956521 4.977638983131341e-54
8278260869.565217 1.017922290258281e-53
8708695652.173912 1.9534152987427396e-53
9139130434.782608 3.5562791339082546e-53
9569565217.391304 6.200251283958654e-53
10000000000.0 1.0434744846415241e-52
