100000000.0 -1.7359910169948057e-180
530434782.6086956 4.0226919658015145e-88
960869565.2173913 7.293593008214929e-74
1391304347.826087 1.1566998797913613e-67
1821739130.4347825 4.7850567925448326e-64
2252173913.043478 1.2153255799424897e-61
2682608695.652174 6.769723446375616e-60
3113043478.2608695 1.5272644859980817e-58
3543478260.869565 1.8304589052349558e-57
3973913043.4782605 1.3746087523302678e-56
4404347826.086956 7.349717085350991e-56
4834782608.695652 3.0815525248330586e-55
5265217391.304348 1.0821940798744855e-54
5695652173.913043 3.3139243837831874e-54
6126086956.521739 9.054858922612197e-54
6556521739.130434 2.2390849230681215e-53
6986956521.73913 5.064523799093479e-53
7417391304.347826 1.0578792915169266e-52
7847826086.956521 2.0593331729354167e-52
8278260869.565217 3.76870566821667e-52
8708695652.173912 6.536974830253646e-52
9139130434.782608 1.0827791485920042e-51
9569565217.391304 1.7243704314115616e-51
10000000000.0 2.6562849704938414e-51
