100000000.0 -1.2878506177223327e-271
530434782.6086956 4.565507287789758e-109
960869565.2173913 3.0436156653764107e-87
1391304347.826087 4.800045264152111e-78
1821739130.4347825 8.632869222621496e-73
2252173913.043478 2.3730568842869823e-69
2682608695.652174 7.502536206141145e-67
3113043478.2608695 5.958024273555751e-65
3543478260.869565 1.8015112156098416e-63
3973913043.4782605 2.822291270049042e-62
4404347826.086956 2.8460994056399172e-61
4834782608.695652 2.1054760794227875e-60
5265217391.304348 1.221187063830571e-59
5695652173.913043 5.7496764369923735e-59
6126086956.521739 2.2537944878815346e-58
6556521739.130434 7.530089184219414e-58
6986956521.73913 2.1930437548340263e-57
7417391304.347826 5.68398673705322e-57
7847826086.956521 1.335659208308662e-56
8278260869.565217 2.892808396248473e-56
8708695652.173912 5.858432063776962e-56
9139130434.782608 1.1232748148028805e-55
9569565217.391304 2.0605947806340235e-55
10000000000.0 3.647534624338024e-55
