100000000.0 -1.6624854502379035e-218
530434782.6086956 8.768989623441486e-98
960869565.2173913 1.8963632624690953e-80
1391304347.826087 5.056466743673938e-73
1821739130.4347825 9.981542274339465e-69
2252173913.043478 6.732109876424786e-66
2682608695.652174 7.69578751265866e-64
3113043478.2608695 2.960008195894566e-62
3543478260.869565 5.2451809291713704e-61
3973913043.4782605 5.33943790688244e-60
4404347826.086956 2.718883657517384e-59
4834782608.695652 1.9536211529183494e-58
5265217391.304348 8.460518646421403e-58
5695652173.913043 3.1159746695952356e-57
6126086956.521739 9.969667560132888e-57
6556521739.130434 2.815160736916347e-56
6986956521.73913 7.11746405685539e-56
7417391304.347826 1.6337027628772e-55
7847826086.956521 3.449385934510412e-55
8278260869.565217 6.780781682408284e-55
8708695652.173912 1.2546773760248483e-54
9139130434.782608 2.206617012719227e-54
9569565217.391304 3.720285944259992e-54
10000000000.0 6.057241733449392e-54
