100000000.0 -1.0412984016717844e-173
530434782.6086956 1.6648547097128952e-84
960869565.2173913 9.326221120680883e-71
1391304347.826087 8.985490388212287e-65
1821739130.4347825 2.753329431797735e-61
2252173913.043478 5.826596803115916e-59
2682608695.652174 2.815334454623915e-57
3113043478.2608695 5.661167354473789e-56
3543478260.869565 6.243368442946477e-55
3973913043.4782605 4.4121331199579526e-54
4404347826.086956 2.243608351220545e-53
4834782608.695652 8.977095383848945e-53
5265217391.304348 3.0128514279165293e-52
5695652173.913043 8.840464265763979e-52
6126086956.521739 2.3252287207847504e-51
6556521739.130434 5.566145405905543e-51
6986956521.73913 1.225591984881954e-50
7417391304.347826 2.5041864377778783e-50
7847826086.956521 4.786869681518504e-50
8278260869.565217 8.627024748378027e-50
8708695652.173912 1.4766210400704426e-49
9139130434.782608 2.416726980841636e-49
9569565217.391304 3.805732448605089e-49
10000000000.0 5.7987584531677136e-49
