100000000.0 -1.382564196937047e-203
530434782.6086956 1.3149419795239726e-90
960869565.2173913 2.8248873169804515e-74
1391304347.826087 2.9066634804591017e-67
1821739130.4347825 3.3176670685129167e-63
2252173913.043478 1.594594606718353e-60
2682608695.652174 1.396644928712451e-58
3113043478.2608695 4.406936486022949e-57
3543478260.869565 6.797549313325944e-56
3973913043.4782605 6.221175461733503e-55
4404347826.086956 3.9193839529970656e-54
4834782608.695652 1.89476411565965e-53
5265217391.304348 7.546022549361072e-53
5695652173.913043 2.5805537011332633e-52
6126086956.521739 7.758123799540583e-52
6556521739.130434 2.0821937580302975e-51
6986956521.73913 5.0519108946619165e-51
7417391304.347826 1.121040140081829e-50
7847826086.956521 2.3005578884411017e-50
8278260869.565217 4.411734374852422e-50
8708695652.173912 7.981917680369436e-50
9139130434.782608 1.3743280696085927e-49
9569565217.391304 2.2694227807694873e-49
10000000000.0 3.618483392104838e-49
