100000000.0 -1.232309785560145e-253
530434782.6086956 2.989843331513516e-102
960869565.2173913 2.0176918382154956e-81
1391304347.826087 1.3782251060429695e-72
1821739130.4347825 1.5931292754409872e-67
2252173913.043478 3.369382313928592e-64
2682608695.652174 9.046971822717515e-62
3113043478.2608695 6.303302212729074e-60
3543478260.869565 1.7143640051290793e-58
3973913043.4782605 2.4797944499063872e-57
4404347826.086956 2.361950102046345e-56
4834782608.695652 1.674965300739895e-55
5265217391.304348 9.379389996670691e-55
5695652173.913043 4.2768415674800866e-54
6126086956.521739 1.6268225992035578e-53
6556521739.130434 5.284811866022597e-53
6986956521.73913 1.4997466646416622e-52
7417391304.347826 3.7962166972399374e-52
7847826086.956521 8.732098989366717e-52
8278260869.565217 1.8554738036319975e-51
8708695652.173912 3.6948069094822385e-51
9139130434.782608 6.980659611857826e-51
9569565217.391304 1.264357696887704e-50
10000000000.0 2.2137422168648893e-50
