100000000.0 -4.440127541663389e-241
530434782.6086956 1.7970519275039982e-100
960869565.2173913 9.307443443638888e-82
1391304347.826087 7.210525600564585e-74
1821739130.4347825 2.2841367149588253e-69
2252173913.043478 2.095886928972295e-66
2682608695.652174 2.7914513873406297e-64
3113043478.2608695 1.1793541068293657e-62
3543478260.869565 2.2931671882956288e-61
3973913043.4782605 2.538822980112837e-60
4404347826.086956 1.8642679310747885e-59
4834782608.695652 1.0165434470573404e-58
5265217391.304348 4.451062500905816e-58
5695652173.913043 1.6447383479105942e-57
6126086956.521739 5.285756671225631e-57
6556521739.130434 1.5062470736926757e-56
6986956521.73913 3.861395457715397e-56
7417391304.347826 9.016674682848504e-56
7847826086.956521 1.939729732699005e-55
8278260869.565217 3.885088074580048e-55
8708695652.173912 7.31517468211492e-55
9139130434.782608 1.3062410036918956e-54
9569565217.391304 2.2295148145660018e-54
10000000000.0 3.662686972579221e-54
