100000000.0 -9.612094960963908e-235
530434782.6086956 5.212085562343284e-97
960869565.2173913 4.662733198984919e-78
1391304347.826087 5.145284549184494e-70
1821739130.4347825 2.1432961991444347e-65
2252173913.043478 2.318251152774327e-62
2682608695.652174 3.640652483799284e-60
3113043478.2608695 1.765469994904455e-58
3543478260.869565 3.7446858824325766e-57
3973913043.4782605 4.400858213716264e-56
4404347826.086956 3.424014596942058e-55
4834782608.695652 1.9946784017663983e-54
5265217391.304348 9.373954334880932e-54
5695652173.913043 3.7016545776998605e-53
6126086956.521739 1.2577538904165684e-52
6556521739.130434 3.742516056551579e-52
6986956521.73913 9.907899343293212e-52
7417391304.347826 2.369008026768565e-51
7847826086.956521 5.188142035431678e-51
8278260869.565217 1.0541296244381642e-50
8708695652.173912 2.0101651462080487e-50
9139130434.782608 3.6348065892190887e-50
9569565217.391304 6.288417448291007e-50
10000000000.0 1.0489473295161867e-49
