100000000.0 -1.7100515300262558e-202
530434782.6086956 1.2425004879325718e-90
960869565.2173913 1.8309725418890363e-74
1391304347.826087 1.6072403021463096e-67
1821739130.4347825 1.6696716414523845e-63
2252173913.043478 7.576776807102551e-61
2682608695.652174 6.34038528327834e-59
3113043478.2608695 1.9311858145838234e-57
3543478260.869565 2.9057749285162646e-56
3973913043.4782605 2.610667834841976e-55
4404347826.086956 1.6186727172852382e-54
4834782608.695652 7.706500902482203e-54
5265217391.304348 3.024409749428596e-53
5695652173.913043 1.0205217311817907e-52
6126086956.521739 3.0330119200406832e-52
6556521739.130434 8.063482863579021e-52
6986956521.73913 1.941428752653629e-51
7417391304.347826 4.281294488367996e-51
7847826086.956521 8.740579989034559e-51
8278260869.565217 1.6687670856664375e-50
8708695652.173912 3.0073550991776106e-50
9139130434.782608 5.159162403418677e-50
9569565217.391304 8.4891545686255245e-50
10000000000.0 1.3487532479488779e-49
