100000000.0 -2.0206067140218434e-173
530434782.6086956 2.526483837525989e-84
960869565.2173913 1.271133903350795e-70
1391304347.826087 1.1594897594298796e-64
1821739130.4347825 3.4245304924743964e-61
2252173913.043478 7.086402929263164e-59
2682608695.652174 3.3633458904318797e-57
3113043478.2608695 6.658924981256879e-56
3543478260.869565 7.26082750647039e-55
3973913043.4782605 5.0903839877703246e-54
4404347826.086956 2.5719811855728956e-53
4834782608.695652 1.0228708087674779e-52
5265217391.304348 3.4118985071135524e-52
5695652173.913043 9.951227918763857e-52
6126086956.521739 2.6029315856944473e-51
6556521739.130434 6.201186225195888e-51
6986956521.73913 1.3600300752811215e-50
7417391304.347826 2.770003369199221e-50
7847826086.956521 5.281355917766563e-50
8278260869.565217 9.498142654792536e-50
8708695652.173912 1.62283234401083e-49
9139130434.782608 2.6518607325441496e-49
9569565217.391304 4.169935643129217e-49
10000000000.0 6.344692065065318e-49
