100000000.0 -5.486089021381047e-229
530434782.6086956 5.5533747495823115e-96
960869565.2173913 1.2535718693867404e-77
1391304347.826087 7.86967783224042e-70
1821739130.4347825 2.376759992726685e-65
2252173913.043478 2.105531091055578e-62
2682608695.652174 2.833464034258363e-60
3113043478.2608695 1.2257055850837223e-58
3543478260.869565 2.3983132286773917e-57
3973913043.4782605 2.6479550067397995e-56
4404347826.086956 1.9495669256435396e-55
4834782608.695652 1.0780739826961964e-54
5265217391.304348 4.8279898079992124e-54
5695652173.913043 1.8278327453066473e-53
6126086956.521739 5.99632782067076e-53
6556521739.130434 1.7339906761032578e-52
6986956521.73913 4.485209350262031e-52
7417391304.347826 1.0520692898015723e-51
7847826086.956521 2.266868437828557e-51
8278260869.565217 4.5404294922279067e-51
8708695652.173912 8.545717291260819e-51
9139130434.782608 1.5260916129785422e-50
9569565217.391304 2.6079442210842583e-50
10000000000.0 4.29647377555228e-50
