100000000.0 -1.6112827903999782e-255
530434782.6086956 3.2770789063167354e-101
960869565.2173913 1.400398171110646e-80
1391304347.826087 6.88933489522718e-72
1821739130.4347825 6.382440862283887e-67
2252173913.043478 1.1410208875260241e-63
2682608695.652174 2.543468367248138e-61
3113043478.2608695 1.5918904502227635e-59
3543478260.869565 4.0943848400296044e-58
3973913043.4782605 5.6078898625031e-57
4404347826.086956 4.957058340930702e-56
4834782608.695652 3.2220677935172518e-55
5265217391.304348 1.6641214758657327e-54
5695652173.913043 7.123603679754361e-54
6126086956.521739 2.5922795739329327e-53
6556521739.130434 8.177681617566652e-53
6986956521.73913 2.276571441314609e-52
7417391304.347826 5.687203459361478e-52
7847826086.956521 1.2947679718591666e-51
8278260869.565217 2.7241956543200633e-51
8708695652.173912 5.363694615875091e-51
9139130434.782608 9.99203946949557e-51
9569565217.391304 1.7781280757130637e-50
10000000000.0 3.047305399710272e-50
