100000000.0 -1.0000919092146334e-237
530434782.6086956 2.0977564309016142e-100
960869565.2173913 2.5329995600457585e-81
1391304347.826087 3.2837928268981414e-73
1821739130.4347825 1.5278644653534417e-68
2252173913.043478 1.7707887059371657e-65
2682608695.652174 2.9899509398543645e-63
3113043478.2608695 1.5246461426848907e-61
3543478260.869565 3.3284257838390103e-60
3973913043.4782605 4.000539917158872e-59
4404347826.086956 3.192699538839276e-58
4834782608.695652 1.915402083120237e-57
5265217391.304348 9.268819344727322e-57
5695652173.913043 3.7530351827202032e-56
6126086956.521739 1.3000589561320616e-55
6556521739.130434 3.92297386825108e-55
6986956521.73913 1.0489847289565505e-54
7417391304.347826 2.5264130278939836e-54
7847826086.956521 5.56397850991714e-54
8278260869.565217 1.1359517848921038e-53
8708695652.173912 2.1763771221460332e-53
9139130434.782608 3.9553280431067904e-53
9569565217.391304 6.882657172412412e-53
10000000000.0 1.1557975515226766e-52
