100000000.0 -3.5664583884853377e-218
530434782.6086956 1.3833614765164866e-97
960869565.2173913 2.63797918118417e-80
1391304347.826087 6.629022335382574e-73
1821739130.4347825 1.2598256544924484e-68
2252173913.043478 8.302293675781237e-66
2682608695.652174 9.28385937819833e-64
3113043478.2608695 3.5144023828926257e-62
3543478260.869565 6.1666966108248986e-61
3973913043.4782605 6.231189927437922e-60
4404347826.086956 4.280341280019695e-59
4834782608.695652 2.2444704727157192e-58
5265217391.304348 9.641351228382479e-58
5695652173.913043 3.525503963775518e-57
6126086956.521739 1.1215197326461758e-56
6556521739.130434 3.152992857683562e-56
6986956521.73913 7.945400546224865e-56
7417391304.347826 1.8191863398665042e-55
7847826086.956521 3.833405343949573e-55
8278260869.565217 7.523015449468684e-55
8708695652.173912 1.3898552272745674e-54
9139130434.782608 2.4405545681575058e-54
9569565217.391304 4.107888853379526e-54
10000000000.0 6.676177792425212e-54
