100000000.0 -1.675797062469731e-233
530434782.6086956 6.60137413352962e-99
960869565.2173913 4.905434413208907e-80
1391304347.826087 5.361709725364605e-72
1821739130.4347825 2.29417565752559e-67
2252173913.043478 2.5250246042151378e-64
2682608695.652174 4.152299103075534e-62
3113043478.2608695 2.0722629143891267e-60
3543478260.869565 4.4348053449472926e-59
3973913043.4782605 5.248160401267976e-58
4404347826.086956 4.1466581260113384e-57
4834782608.695652 2.4737275795997372e-56
5265217391.304348 1.1928143895844813e-55
5695652173.913043 4.814102769444006e-55
6126086956.521739 1.6614876800368543e-54
6556521739.130434 4.992992188693552e-54
6986956521.73913 1.3293331425483036e-53
7417391304.347826 3.1878652119108124e-53
7847826086.956521 6.99207403113485e-53
8278260869.565217 1.4221965204022638e-52
8708695652.173912 2.715876255641228e-52
9139130434.782608 4.9222088129431654e-52
9569565217.391304 8.546251803074333e-52
10000000000.0 1.4327925079018168e-51
