100000000.0 -9.107116282348009e-177
530434782.6086956 2.4984954354822893e-86
960869565.2173913 3.057840521464167e-72
1391304347.826087 4.172305760143756e-66
1821739130.4347825 1.5954478834671413e-62
2252173913.043478 3.8533454326594126e-60
2682608695.652174 2.0744921579386375e-58
3113043478.2608695 4.5664209812185496e-57
3543478260.869565 5.369512650030627e-56
3973913043.4782605 3.970783703375773e-55
4404347826.086956 2.0964621292115048e-54
4834782608.695652 8.69809081230226e-54
5265217391.304348 3.0276813458805353e-53
5695652173.913043 9.201465860887112e-53
6126086956.521739 2.497756632894834e-52
6556521739.130434 6.141190834274047e-52
6986956521.73913 1.3820673513944027e-51
7417391304.347826 2.873953158832751e-51
7847826086.956521 5.572202865051625e-51
8278260869.565217 1.0160605168078181e-50
8708695652.173912 1.7566028583614883e-50
9139130434.782608 2.900847306156342e-50
9569565217.391304 4.606835300265784e-50
10000000000.0 7.078093250034707e-50
