100000000.0 -1.512819624036829e-260
530434782.6086956 1.4288999056374697e-103
960869565.2173913 2.658291392492653e-82
1391304347.826087 2.5706915673533458e-73
1821739130.4347825 3.5644528021729583e-68
2252173913.043478 8.323112072542767e-65
2682608695.652174 2.3545848365343446e-62
3113043478.2608695 1.7240034121821673e-60
3543478260.869565 4.8977250655586675e-59
3973913043.4782605 7.299718666467561e-58
4404347826.086956 7.064375215568237e-57
4834782608.695652 5.048612811713608e-56
5265217391.304348 2.8442874514318534e-55
5695652173.913043 1.3066801814247353e-54
6126086956.521739 5.016065929830832e-54
6556521739.130434 1.6460188539569603e-53
6986956521.73913 4.719184283381899e-53
7417391304.347826 1.206278434842739e-52
7847826086.956521 2.7995415891836837e-52
8278260869.565217 5.995044121224159e-52
8708695652.173912 1.2014567282522677e-51
9139130434.782608 2.28113306131278e-51
9569565217.391304 4.1458575021205305e-51
10000000000.0 7.273747039544876e-51
