5.441000000000000207e-24
6.600000000000000311e-01
1.053000000000000032e-14
0.000000000000000000e+00
6.663000000000000184e-12
8.400000000000000522e-02
0.000000000000000000e+00
5.836999999999999820e-24
4.847999999999999886e-21
0.000000000000000000e+00
0.000000000000000000e+00
5.591999999999999598e-12
0.000000000000000000e+00
3.146999999999999742e-14
1.457000000000000028e-18
0.000000000000000000e+00
6.679999999999999584e-17
0.000000000000000000e+00
2.918000000000000035e-17
6.241999999999999910e-08
3.642000000000000294e-20
4.275000000000000202e-23
1.587999999999999883e-22
1.186999999999999882e-10
3.596000000000000025e-12
2.928000000000000125e-10
2.549000000000000130e-25
1.017000000000000055e-04
1.533999999999999882e-04
2.182000000000000065e-10
1.204000000000000061e-08
6.785000000000000351e-11
6.023000000000000248e-15
3.818000000000000089e-12
1.424000000000000046e-09
0.000000000000000000e+00
7.055999999999999700e-21
3.989999999999999877e-17
4.264000000000000171e-06
9.770000000000000797e-09
3.118000000000000259e-07
0.000000000000000000e+00
1.779000000000000014e-25
8.063999999999999566e-12
5.816000000000000389e-10
7.581999999999999998e-08
0.000000000000000000e+00
0.000000000000000000e+00
2.352999999999999857e-14
5.837000000000000271e-13
1.100000000000000056e-06
1.425000000000000121e-07
1.461999999999999989e-07
0.000000000000000000e+00
7.560000000000000635e-24
9.999999999999999452e-21
2.974999999999999839e-08
8.994000000000000168e-11
1.241000000000000061e-07
0.000000000000000000e+00
0.000000000000000000e+00
0.000000000000000000e+00
0.000000000000000000e+00
4.146999999999999899e-13
4.934000000000000105e-14
1.227999999999999932e-06
6.220999999999999921e-08
4.129999999999999924e-08
0.000000000000000000e+00
2.520000000000000072e-18
4.697999999999999962e-19
2.202000000000000109e-12
1.104999999999999997e-11
1.385999999999999970e-08
0.000000000000000000e+00
0.000000000000000000e+00
8.368000000000000184e-25
1.709999999999999991e-17
9.029999999999999560e-17
6.515000000000000303e-07
5.143000000000000128e-09
2.890999999999999881e-08
8.522999999999999929e-24
1.372000000000000018e-10
0.000000000000000000e+00
3.117000000000000175e-24
6.580999999999999849e-16
2.249999999999999879e-14
3.809999999999999871e-09
0.000000000000000000e+00
1.215999999999999937e-09
0.000000000000000000e+00
0.000000000000000000e+00
0.000000000000000000e+00
3.177999999999999892e-22
3.402000000000000151e-20
1.131999999999999946e-07
6.830999999999999753e-20
2.132000000000000165e-08
0.000000000000000000e+00
3.464000000000000265e-11
0.000000000000000000e+00
0.000000000000000000e+00
5.815999999999999654e-13
0.000000000000000000e+00
4.683999999999999955e-09
7.301000000000000495e-12
3.380000000000000219e-10
0.000000000000000000e+00
0.000000000000000000e+00
0.000000000000000000e+00
3.083000000000000274e-20
0.000000000000000000e+00
7.887000000000000413e-08
7.676999999999999672e-19
5.263000000000000334e-10
1.099000000000000031e-10
1.699000000000000027e-09
0.000000000000000000e+00
1.757999999999999921e-20
0.000000000000000000e+00
1.740999999999999903e-17
2.817000000000000110e-18
4.556000000000000216e-11
0.000000000000000000e+00
0.000000000000000000e+00
0.000000000000000000e+00
0.000000000000000000e+00
0.000000000000000000e+00
0.000000000000000000e+00
0.000000000000000000e+00
2.557999999999999852e-10
2.331999999999999805e-10
2.360000000000000122e-09
1.759000000000000078e-10
1.732000000000000068e-10
0.000000000000000000e+00
0.000000000000000000e+00
0.000000000000000000e+00
0.000000000000000000e+00
3.796999999999999903e-19
2.789000000000000143e-19
2.481999999999999966e-18
9.751999999999999240e-13
3.890000000000000009e-10
0.000000000000000000e+00
0.000000000000000000e+00
0.000000000000000000e+00
0.000000000000000000e+00
0.000000000000000000e+00
0.000000000000000000e+00
0.000000000000000000e+00
7.821000000000000186e-10
2.276000000000000168e-22
1.506999999999999862e-08
1.708999999999999992e-09
4.249999999999999799e-10
0.000000000000000000e+00
0.000000000000000000e+00
0.000000000000000000e+00
0.000000000000000000e+00
0.000000000000000000e+00
5.611000000000000178e-20
0.000000000000000000e+00
9.281999999999999991e-19
9.999999999999999752e-20
1.325999999999999929e-08
0.000000000000000000e+00
0.000000000000000000e+00
0.000000000000000000e+00
0.000000000000000000e+00
0.000000000000000000e+00
0.000000000000000000e+00
0.000000000000000000e+00
0.000000000000000000e+00
6.954999999999999744e-08
3.709000000000000060e-25
1.098999999999999981e-06
2.637999999999999865e-08
3.356999999999999885e-09
0.000000000000000000e+00
0.000000000000000000e+00
0.000000000000000000e+00
0.000000000000000000e+00
0.000000000000000000e+00
2.991000000000000108e-19
0.000000000000000000e+00
4.705000000000000001e-18
1.554000000000000070e-19
2.998000000000000194e-09
0.000000000000000000e+00
0.000000000000000000e+00
0.000000000000000000e+00
0.000000000000000000e+00
0.000000000000000000e+00
0.000000000000000000e+00
0.000000000000000000e+00
0.000000000000000000e+00
4.489999999999999839e-08
3.108999999999999922e-25
1.719000000000000040e-08
7.420999999999999499e-10
1.559000000000000096e-09
0.000000000000000000e+00
5.981999999999999609e-10
0.000000000000000000e+00
0.000000000000000000e+00
0.000000000000000000e+00
1.367000000000000001e-20
0.000000000000000000e+00
6.154999999999999851e-21
3.804000000000000015e-22
4.809999999999999934e-10
0.000000000000000000e+00
2.145000000000000089e-10
0.000000000000000000e+00
0.000000000000000000e+00
0.000000000000000000e+00
0.000000000000000000e+00
0.000000000000000000e+00
0.000000000000000000e+00
0.000000000000000000e+00
0.000000000000000000e+00
0.000000000000000000e+00
8.166999999999999818e-10
0.000000000000000000e+00
4.690000000000000348e-10
6.887999999999999892e-11
3.144000000000000207e-10
0.000000000000000000e+00
1.039000000000000076e-11
0.000000000000000000e+00
0.000000000000000000e+00
0.000000000000000000e+00
0.000000000000000000e+00
0.000000000000000000e+00
4.463000000000000110e-23
0.000000000000000000e+00
3.899999999999999978e-23
5.913000000000000340e-24
3.023999999999999716e-11
0.000000000000000000e+00
2.012000000000000070e-11
0.000000000000000000e+00
0.000000000000000000e+00
0.000000000000000000e+00
0.000000000000000000e+00
0.000000000000000000e+00
0.000000000000000000e+00
0.000000000000000000e+00
0.000000000000000000e+00
0.000000000000000000e+00
0.000000000000000000e+00
0.000000000000000000e+00
0.000000000000000000e+00
3.250999999999999940e-11
0.000000000000000000e+00
4.342999999999999892e-11
1.235999999999999984e-11
5.782000000000000041e-11
0.000000000000000000e+00
1.235999999999999984e-11
0.000000000000000000e+00
0.000000000000000000e+00
0.000000000000000000e+00
0.000000000000000000e+00
0.000000000000000000e+00
0.000000000000000000e+00
0.000000000000000000e+00
1.794999999999999969e-25
0.000000000000000000e+00
4.935999999999999800e-25
1.052000000000000006e-25
8.740000000000000321e-12
0.000000000000000000e+00
1.044000000000000029e-25
0.000000000000000000e+00
0.000000000000000000e+00
0.000000000000000000e+00
0.000000000000000000e+00
0.000000000000000000e+00
0.000000000000000000e+00
0.000000000000000000e+00
0.000000000000000000e+00
0.000000000000000000e+00
7.327999999999999673e-13
0.000000000000000000e+00
7.460999999999999813e-12
6.261999999999999773e-12
1.957999999999999856e-11
0.000000000000000000e+00
4.116999999999999845e-11
0.000000000000000000e+00
7.594000000000000155e-12
0.000000000000000000e+00
0.000000000000000000e+00
0.000000000000000000e+00
0.000000000000000000e+00
0.000000000000000000e+00
0.000000000000000000e+00
0.000000000000000000e+00
0.000000000000000000e+00
0.000000000000000000e+00
7.966999999999999475e-12
0.000000000000000000e+00
7.753999999999999474e-12
0.000000000000000000e+00
0.000000000000000000e+00
0.000000000000000000e+00
0.000000000000000000e+00
0.000000000000000000e+00
0.000000000000000000e+00
0.000000000000000000e+00
0.000000000000000000e+00
0.000000000000000000e+00
0.000000000000000000e+00
0.000000000000000000e+00
0.000000000000000000e+00
0.000000000000000000e+00
2.038000000000000000e-13
0.000000000000000000e+00
1.331000000000000084e-12
0.000000000000000000e+00
6.860999999999999947e-12
6.874999999999999685e-12
3.424000000000000274e-11
0.000000000000000000e+00
1.045000000000000010e-11
0.000000000000000000e+00
0.000000000000000000e+00
0.000000000000000000e+00
0.000000000000000000e+00
0.000000000000000000e+00
0.000000000000000000e+00
0.000000000000000000e+00
0.000000000000000000e+00
0.000000000000000000e+00
0.000000000000000000e+00
0.000000000000000000e+00
6.821000000000000117e-12
0.000000000000000000e+00
2.624999999999999821e-12
0.000000000000000000e+00
0.000000000000000000e+00
0.000000000000000000e+00
0.000000000000000000e+00
0.000000000000000000e+00
0.000000000000000000e+00
0.000000000000000000e+00
0.000000000000000000e+00
0.000000000000000000e+00
0.000000000000000000e+00
0.000000000000000000e+00
0.000000000000000000e+00
0.000000000000000000e+00
0.000000000000000000e+00
1.758999999999999876e-13
0.000000000000000000e+00
3.091000000000000057e-12
2.011999999999999909e-12
2.585999999999999846e-11
0.000000000000000000e+00
0.000000000000000000e+00
0.000000000000000000e+00
0.000000000000000000e+00
0.000000000000000000e+00
0.000000000000000000e+00
0.000000000000000000e+00
0.000000000000000000e+00
0.000000000000000000e+00
0.000000000000000000e+00
0.000000000000000000e+00
0.000000000000000000e+00
0.000000000000000000e+00
0.000000000000000000e+00
0.000000000000000000e+00
6.182000000000000114e-12
0.000000000000000000e+00
0.000000000000000000e+00
0.000000000000000000e+00
0.000000000000000000e+00
0.000000000000000000e+00
0.000000000000000000e+00
0.000000000000000000e+00
0.000000000000000000e+00
0.000000000000000000e+00
0.000000000000000000e+00
0.000000000000000000e+00
0.000000000000000000e+00
0.000000000000000000e+00
0.000000000000000000e+00
0.000000000000000000e+00
0.000000000000000000e+00
0.000000000000000000e+00
0.000000000000000000e+00
0.000000000000000000e+00
7.821000000000000703e-12
1.704999999999999904e-12
2.611000000000000083e-12
0.000000000000000000e+00
2.637999999999999867e-12
0.000000000000000000e+00
0.000000000000000000e+00
0.000000000000000000e+00
0.000000000000000000e+00
0.000000000000000000e+00
0.000000000000000000e+00
0.000000000000000000e+00
0.000000000000000000e+00
0.000000000000000000e+00
0.000000000000000000e+00
0.000000000000000000e+00
0.000000000000000000e+00
9.298999999999999050e-13
0.000000000000000000e+00
0.000000000000000000e+00
0.000000000000000000e+00
0.000000000000000000e+00
0.000000000000000000e+00
0.000000000000000000e+00
0.000000000000000000e+00
0.000000000000000000e+00
0.000000000000000000e+00
0.000000000000000000e+00
0.000000000000000000e+00
0.000000000000000000e+00
0.000000000000000000e+00
0.000000000000000000e+00
0.000000000000000000e+00
0.000000000000000000e+00
5.035999999999999948e-13
0.000000000000000000e+00
3.144000000000000033e-13
5.409000000000000479e-13
5.661999999999999502e-13
3.250999999999999981e-13
8.194000000000000224e-13
0.000000000000000000e+00
0.000000000000000000e+00
0.000000000000000000e+00
0.000000000000000000e+00
0.000000000000000000e+00
0.000000000000000000e+00
0.000000000000000000e+00
0.000000000000000000e+00
0.000000000000000000e+00
0.000000000000000000e+00
0.000000000000000000e+00
0.000000000000000000e+00
0.000000000000000000e+00
0.000000000000000000e+00
0.000000000000000000e+00
0.000000000000000000e+00
0.000000000000000000e+00
0.000000000000000000e+00
0.000000000000000000e+00
0.000000000000000000e+00
0.000000000000000000e+00
0.000000000000000000e+00
0.000000000000000000e+00
0.000000000000000000e+00
1.372000000000000111e-13
0.000000000000000000e+00
4.662999999999999922e-14
3.144000000000000033e-13
3.117999999999999942e-13
4.210000000000000236e-13
0.000000000000000000e+00
0.000000000000000000e+00
0.000000000000000000e+00
0.000000000000000000e+00
0.000000000000000000e+00
0.000000000000000000e+00
0.000000000000000000e+00
0.000000000000000000e+00
0.000000000000000000e+00
0.000000000000000000e+00
0.000000000000000000e+00
0.000000000000000000e+00
0.000000000000000000e+00
0.000000000000000000e+00
5.328999999999999810e-13
0.000000000000000000e+00
0.000000000000000000e+00
0.000000000000000000e+00
0.000000000000000000e+00
0.000000000000000000e+00
0.000000000000000000e+00
0.000000000000000000e+00
0.000000000000000000e+00
0.000000000000000000e+00
0.000000000000000000e+00
0.000000000000000000e+00
0.000000000000000000e+00
0.000000000000000000e+00
0.000000000000000000e+00
1.665000000000000037e-14
0.000000000000000000e+00
1.904999999999999961e-13
3.849999999999999751e-13
0.000000000000000000e+00
0.000000000000000000e+00
0.000000000000000000e+00
0.000000000000000000e+00
0.000000000000000000e+00
0.000000000000000000e+00
0.000000000000000000e+00
0.000000000000000000e+00
0.000000000000000000e+00
0.000000000000000000e+00
0.000000000000000000e+00
0.000000000000000000e+00
0.000000000000000000e+00
0.000000000000000000e+00
3.144000000000000033e-13
0.000000000000000000e+00
2.984000000000000210e-13
0.000000000000000000e+00
0.000000000000000000e+00
0.000000000000000000e+00
0.000000000000000000e+00
0.000000000000000000e+00
0.000000000000000000e+00
0.000000000000000000e+00
0.000000000000000000e+00
0.000000000000000000e+00
0.000000000000000000e+00
0.000000000000000000e+00
0.000000000000000000e+00
0.000000000000000000e+00
0.000000000000000000e+00
2.505000000000000118e-14
0.000000000000000000e+00
1.811999999999999940e-14
0.000000000000000000e+00
2.557999999999999804e-13
0.000000000000000000e+00
0.000000000000000000e+00
0.000000000000000000e+00
0.000000000000000000e+00
0.000000000000000000e+00
0.000000000000000000e+00
0.000000000000000000e+00
0.000000000000000000e+00
0.000000000000000000e+00
0.000000000000000000e+00
0.000000000000000000e+00
0.000000000000000000e+00
0.000000000000000000e+00
0.000000000000000000e+00
0.000000000000000000e+00
1.066000000000000046e-14
0.000000000000000000e+00
2.424999999999999764e-13
0.000000000000000000e+00
0.000000000000000000e+00
0.000000000000000000e+00
0.000000000000000000e+00
0.000000000000000000e+00
0.000000000000000000e+00
0.000000000000000000e+00
0.000000000000000000e+00
0.000000000000000000e+00
0.000000000000000000e+00
0.000000000000000000e+00
0.000000000000000000e+00
0.000000000000000000e+00
0.000000000000000000e+00
0.000000000000000000e+00
0.000000000000000000e+00
0.000000000000000000e+00
0.000000000000000000e+00
4.729999999999999788e-14
0.000000000000000000e+00
3.250999999999999855e-14
1.731999999999999903e-14
7.047999999999999857e-13
3.757000000000000046e-13
1.184000000000000004e-12
4.222999999999999777e-13
1.625000000000000043e-12
0.000000000000000000e+00
2.332000000000000060e-13
2.930999999999999830e-13
0.000000000000000000e+00
0.000000000000000000e+00
0.000000000000000000e+00
0.000000000000000000e+00
0.000000000000000000e+00
0.000000000000000000e+00
0.000000000000000000e+00
0.000000000000000000e+00
0.000000000000000000e+00
0.000000000000000000e+00
0.000000000000000000e+00
0.000000000000000000e+00
0.000000000000000000e+00
0.000000000000000000e+00
0.000000000000000000e+00
0.000000000000000000e+00
0.000000000000000000e+00
2.358000000000000151e-13
0.000000000000000000e+00
1.771999999999999922e-13
0.000000000000000000e+00
0.000000000000000000e+00
0.000000000000000000e+00
0.000000000000000000e+00
0.000000000000000000e+00
0.000000000000000000e+00
0.000000000000000000e+00
0.000000000000000000e+00
0.000000000000000000e+00
0.000000000000000000e+00
0.000000000000000000e+00
0.000000000000000000e+00
0.000000000000000000e+00
0.000000000000000000e+00
0.000000000000000000e+00
0.000000000000000000e+00
0.000000000000000000e+00
0.000000000000000000e+00
7.726999999999999538e-15
0.000000000000000000e+00
2.117999999999999911e-13
7.726999999999999538e-14
3.983999999999999988e-13
6.048999999999999772e-13
1.625000000000000043e-12
0.000000000000000000e+00
2.758000000000000163e-12
0.000000000000000000e+00
2.983999999999999806e-12
0.000000000000000000e+00
0.000000000000000000e+00
0.000000000000000000e+00
0.000000000000000000e+00
0.000000000000000000e+00
0.000000000000000000e+00
0.000000000000000000e+00
0.000000000000000000e+00
0.000000000000000000e+00
0.000000000000000000e+00
0.000000000000000000e+00
0.000000000000000000e+00
0.000000000000000000e+00
0.000000000000000000e+00
0.000000000000000000e+00
0.000000000000000000e+00
0.000000000000000000e+00
0.000000000000000000e+00
0.000000000000000000e+00
1.692000000000000060e-12
0.000000000000000000e+00
0.000000000000000000e+00
0.000000000000000000e+00
0.000000000000000000e+00
0.000000000000000000e+00
0.000000000000000000e+00
0.000000000000000000e+00
0.000000000000000000e+00
0.000000000000000000e+00
0.000000000000000000e+00
0.000000000000000000e+00
0.000000000000000000e+00
0.000000000000000000e+00
0.000000000000000000e+00
0.000000000000000000e+00
0.000000000000000000e+00
0.000000000000000000e+00
0.000000000000000000e+00
0.000000000000000000e+00
0.000000000000000000e+00
9.859000000000000261e-15
0.000000000000000000e+00
8.926000000000000286e-15
0.000000000000000000e+00
1.692000000000000010e-13
2.144999999999999847e-12
3.331000000000000145e-13
1.665000000000000075e-12
2.024999999999999954e-12
0.000000000000000000e+00
7.860999999999999523e-13
0.000000000000000000e+00
6.528000000000000053e-13
